time,x,y,z,phi,theta,psi,x_velocity,y_velocity,z_velocity,phi_velocity,theta_velocity,psi_velocity,rotor_speed1,rotor_speed2,rotor_speed3,rotor_speed4
0.06,-5.38578235983e-07,2.39176961534e-07,10.0005767573,0.000260487408179,0.000498394414142,0.0,-4.37585325928e-05,2.07548190003e-05,0.0192248860864,0.0118538363945,0.0211813246073,0.0,409.2031358676302,411.08392941633247,410.2768813388624,411.3277291915331
0.12000000000000001,-2.00324720431e-05,1.05221840802e-05,10.0072001275,0.000613695223471,0.00153089396894,0.0,-0.0007392712093,0.000387352640999,0.201538672156,-0.0100439474114,0.00776220547802,0.0,463.12435237872916,462.0677858176759,462.8328961947267,461.10649808761707
0.18,-0.000102870380113,4.56335752529e-05,10.0254727533,6.28293353035,0.00190398054256,0.0,-0.00207150472157,0.000698814476837,0.407497422963,-0.0250657926853,0.00293565626233,0.0,468.70135607389693,468.32605548370725,470.8323519730542,469.66902179405
0.23999999999999996,-0.000264403314623,7.7697130273e-05,10.0507960158,6.28136645473,0.00308484027618,0.0,-0.00338607867422,0.000229542191317,0.436600131978,-0.0283095652562,0.0410588649534,0.0,411.86059235734314,415.21820607120503,414.55751589784325,414.2722417049676
0.3,-0.000551129138131,4.16198176507e-05,10.0829477385,6.28006716369,0.00521103876959,0.0,-0.00644268073895,-0.00160372675721,0.635032885438,-0.0108786214801,0.0207620233656,0.0,467.8682860607573,466.2860664653687,466.8840144005298,468.24178130292785
0.36000000000000004,-0.00107237012542,-0.000134341811289,10.1280324662,6.27948641476,0.00688012921156,0.0,-0.0111119071305,-0.00433607460597,0.867642471794,-0.00738206139729,0.0391202077291,0.0,476.62919463575037,478.03010752575614,477.68967172172677,477.9563225787178
0.4200000000000001,-0.00188303362713,-0.000468295032709,10.1820710053,6.27945958003,0.00952037004224,0.0,-0.0161530405745,-0.00681563313293,0.933588268498,0.0106988102643,0.0523175794224,0.0,426.3988901488224,427.52585456525327,425.75629443269474,427.30027594092576
0.48000000000000015,-0.00307742568443,-0.000957753147921,10.2427277845,6.27995442639,0.0123319672459,0.0,-0.0239897138672,-0.00943600556672,1.08816637069,0.00282838503775,0.0327619488344,0.0,454.55693673471967,452.98850995709023,456.1272876918286,455.4982789116424
0.5400000000000001,-0.00475756922087,-0.00158457104595,10.3093067314,6.28006764386,0.0145076929308,0.0,-0.0322090221742,-0.011444488256,1.13108751207,-6.58402168722e-05,0.0424747310458,0.0,419.130528883892,419.9743990868154,419.83067300512624,419.57946853236416
0.6000000000000002,-0.00705703344258,-0.00234748187436,10.3839640822,6.28007083983,0.0175068850384,0.0,-0.044774704012,-0.0139851554544,1.35724459078,0.000290443903729,0.0618707211377,0.0,476.0316473385642,477.5147172169649,476.3102490954074,476.3374915108285
0.6600000000000003,-0.0101426548872,-0.00325490827085,10.4696802315,6.28001165734,0.0209665548227,0.0,-0.058466360746,-0.0162639440262,1.49977640438,-0.00367101009492,0.0475329126862,0.0,452.69833821791053,451.5454701591498,452.13859028755064,451.8193739151886
0.7200000000000003,-0.0140815109436,-0.00429484011003,10.5620395549,6.28008018317,0.0240446701299,0.0,-0.0731207365288,-0.0184062038024,1.57875469982,0.00935496045733,0.057935613462,0.0,432.1759792587321,433.0535731733853,431.78081648608486,432.8782405446722
0.7800000000000004,-0.0190317963236,-0.00546758594326,10.6619101045,6.28071847871,0.0273414101323,0.0,-0.0922647927788,-0.020616943876,1.75000697448,0.0130886849808,0.0481743010465,0.0,462.08561855405486,461.3174323664716,461.0235013930369,461.31826645312907
0.8400000000000004,-0.0251634557059,-0.00675428837191,10.7706121176,6.28133934867,0.0303399243681,0.0,-0.112429273305,-0.0221978673544,1.87318988199,0.00420904543078,0.0533524506673,0.0,446.62870826669234,447.05235580029375,448.0523144431982,447.3297477442449
0.9000000000000005,-0.0325537798314,-0.00812361180298,10.8861015426,6.28137876775,0.0348742014721,0.0,-0.134325362537,-0.0234297691524,1.97627022111,-0.00761224663366,0.10104077761,0.0,440.1981662452784,444.1304753221494,441.1462800565162,440.1691339125824
0.9600000000000005,-0.041368556744,-0.00956897862926,11.0079896764,6.28102347102,0.0407190127113,0.0,-0.160111105842,-0.0247905272623,2.0864475535,-0.00273818678239,0.0889462588168,0.0,444.4495202046787,443.46528933207054,443.9703294188853,444.3701315084008
1.0200000000000005,-0.0519988486095,-0.0111102903683,11.1400442878,6.28058300101,0.0457686561157,0.0,-0.194845196444,-0.0266195330833,2.31490835874,-0.01865992036,0.0722829424873,0.0,480.30856691648836,479.0483607714795,481.29624693787383,480.08987461333805
1.0800000000000005,-0.0646964273469,-0.0127682291383,11.2828710464,6.2792126367,0.0503844609482,0.0,-0.2288735368,-0.0287750717978,2.44568558402,-0.0328831112665,0.0848940725186,0.0,451.7636056400252,452.783814555318,452.1742760175021,451.0269931770987
1.1400000000000006,-0.0795123216544,-0.0145856957436,11.4330371712,6.27766288578,0.0553160392686,0.0,-0.265499506937,-0.0319862420171,2.55957014407,-0.0145300578354,0.0761585799575,0.0,447.42086345947126,446.71453314354363,446.86383590165394,448.35719705494023
1.2000000000000006,-0.0964194931626,-0.0166036688477,11.586320616,6.2766297495,0.0600311152776,0.0,-0.298473377614,-0.0353606420558,2.54987087448,-0.0232265460993,0.0830392957221,0.0,406.68096779096345,407.3023438702037,408.6380771004028,407.86216096917514
1.2600000000000007,-0.115823691058,-0.0188921966188,11.7461510689,6.27526485242,0.0648440244963,0.0,-0.348894568307,-0.0410863272787,2.77723956255,-0.0218086150962,0.0738699946583,0.0,482.2358694275186,481.5473743090956,482.1458113653031,482.25293165784046
1.3200000000000007,-0.138160806401,-0.0215315348046,11.9164500454,6.27376711986,0.0693145060706,0.0,-0.396125627361,-0.0470354791772,2.89904921488,-0.0321617139815,0.0757538004531,0.0,451.25437690354914,451.4106661524273,452.36926825955425,451.5347198361823
1.3800000000000008,-0.163747953164,-0.0246066902375,12.0986062783,6.27164503541,0.0737654070564,0.0,-0.457304050381,-0.0557193153245,3.17205026552,-0.0427057380557,0.0708379005524,0.0,497.2645671303525,496.90798368239683,497.11794954842185,496.34431128682445
1.4400000000000008,-0.192919899461,-0.0282273507536,12.294436595,6.26850545,0.078812523155,0.0,-0.51559725451,-0.0652658955066,3.35504629659,-0.0909498422477,0.102377327882,0.0,471.19283630321604,473.62981478464144,474.419951087496,470.6986867548864
1.5000000000000009,-0.225317094872,-0.0324290313067,12.4962851417,6.26279167235,0.0850170074444,0.0,-0.564861232233,-0.0752885563313,3.37311450184,-0.105560735858,0.105392142867,0.0,420.9093032312789,421.18009234874074,423.8367035440214,422.5706831997007
1.560000000000001,-0.261204366916,-0.0374433018878,12.7040694769,6.2567210011,0.0910772504366,0.0,-0.632041812321,-0.0925438834075,3.55238688184,-0.0936089189506,0.0903504176504,0.0,474.1092679557441,472.96018534540565,471.7725127332241,472.6861952953912
1.620000000000001,-0.300886744116,-0.0435180184458,12.9185631395,6.25179359797,0.0964189147325,0.0,-0.691198442801,-0.110429265838,3.59717591334,-0.0656696448385,0.0862437636806,0.0,432.5718112297468,432.23267666256663,431.5605435476105,433.9064619717825
1.680000000000001,-0.344238010039,-0.0507600286442,13.1359123847,6.24772155958,0.10176592458,0.0,-0.754329369395,-0.131342131801,3.64754878322,-0.0726684184684,0.094316160777,0.0,434.9860396603988,435.66832741290574,434.70569982010085,434.1151955945514
1.740000000000001,-0.391684391842,-0.0594069452921,13.3582269082,6.24301551045,0.107468547244,0.0,-0.827772833593,-0.157339668061,3.76244756669,-0.093612471312,0.0964594555524,0.0,455.7648731189714,455.94357911993865,456.5322902020718,454.8530411344587
1.8000000000000012,-0.444152114443,-0.0699036883602,13.591934341,6.23709152505,0.112877806589,0.0,-0.92176837077,-0.193234302523,4.0267450907,-0.111687358525,0.0729484526018,0.0,502.10989930150873,500.40687060631615,500.81472707055065,499.49089239949996
1.8600000000000012,-0.50220685079,-0.082632993824,13.8398472965,6.2300226045,0.116831403167,0.0,-1.01380638133,-0.231842802306,4.23611418577,-0.134328680275,0.045523997117,0.0,487.50557994820707,485.45459640408177,488.5788755989531,486.87631397121106
1.9200000000000013,-0.565554990761,-0.0977059967887,14.0976046498,6.22198819925,0.119117414176,0.0,-1.09802235498,-0.271404473289,4.35521676111,-0.133076877744,0.0159862968655,0.0,462.96534775478193,460.6357882704796,462.3771442770213,462.4600031172458
1.9800000000000013,-0.634354719703,-0.115507912695,14.3654442314,6.2135907882,0.119906705791,0.0,-1.19531394469,-0.322903877784,4.57178613118,-0.159525814245,0.00678682360145,0.0,491.84564053207566,491.1636560192744,493.672065554217,491.6997612842402
2.0400000000000014,-0.708330738228,-0.136206803779,14.6406237051,6.20405613354,0.12045183308,0.0,-1.27059503244,-0.367920174382,4.60062372636,-0.157710179888,0.0133263903924,0.0,437.08643193474177,437.63105157426577,436.65117274881356,436.77817904443356
2.1000000000000014,-0.786867133002,-0.159801815984,14.9177523427,6.19452380517,0.121086986626,0.0,-1.34734676943,-0.419441342264,4.63670978792,-0.161300296306,0.00444801237019,0.0,440.34308349512366,439.60780783318205,440.0017182231394,439.6801009471897
2.1600000000000015,-0.870197613176,-0.186796502956,15.1984542211,6.18443076958,0.121736403515,0.0,-1.4303559856,-0.481320500796,4.71951206533,-0.187939770074,0.0212283796961,0.0,454.6630929227465,456.00557996994166,456.3527375435051,454.1939669019604
2.2200000000000015,-0.958349815595,-0.217565314961,15.4826422958,6.17271522206,0.122991945966,0.0,-1.50816429137,-0.545336052296,4.75308453881,-0.216812815695,0.0203134441054,0.0,441.2361178907421,441.16056119403027,441.7176941467079,439.291141766026
2.2800000000000016,-1.0510058859,-0.252223400515,15.7672693487,6.16024159615,0.124400688098,0.0,-1.58050852877,-0.611003924206,4.73434594906,-0.19430428264,0.0291576916832,0.0,423.4038940903887,424.164309021678,424.2037410395629,426.0872311653709
2.3400000000000016,-1.14851865497,-0.29151343657,16.054583561,6.14854667709,0.125835905096,0.0,-1.67004098956,-0.699794230344,4.84205719788,-0.196164178172,0.010566547392,0.0,465.92441619628005,464.46851526060016,465.31826239597524,465.13738745129075
2.4000000000000017,-1.25111544787,-0.3360311504,16.3458251861,6.13679251741,0.126167324435,0.0,-1.74990351498,-0.78516732498,4.86563711822,-0.195385538938,-0.00719026490889,0.0,441.3669102759898,439.89869080265925,439.93680965982344,439.9633723370147
2.4600000000000017,-1.3583449369,-0.38569054375,16.6371377249,6.12466238764,0.12574908282,0.0,-1.82441046001,-0.871143553261,4.84462121626,-0.221303287512,-0.00653511500273,0.0,426.8654092392382,426.921429887024,427.0253250063821,424.7653191963225
2.520000000000002,-1.47064556553,-0.441481984058,16.9318492066,6.11098699626,0.125160959937,0.0,-1.91883694329,-0.989890335973,4.97814058456,-0.246364122934,-0.0173020275696,0.0,476.3705330181024,475.5465210422634,476.6071755558876,474.6388770610998
2.580000000000002,-1.58823342517,-0.504186987612,17.2316160414,6.09669132238,0.123977765651,0.0,-2.00065841091,-1.10156762832,5.01356174608,-0.225656899875,-0.0250563048887,0.0,448.176354220033,447.54559188066344,446.01229517389817,447.6437260229959
2.640000000000002,-1.71075057241,-0.573909884132,17.5337369443,6.08299534197,0.123000182867,0.0,-2.0831321402,-1.22373993533,5.05655072473,-0.234063211987,-0.00286955297669,0.0,450.1124774086065,451.90476434020627,451.15571049479536,450.42524720958255
2.700000000000002,-1.83848919196,-0.651679671248,17.8405981183,6.06851988929,0.12265790572,0.0,-2.1747474487,-1.36991844093,5.17112513019,-0.262208718885,-0.012082324451,0.0,475.2237541973781,474.51704503273436,475.2300915523937,473.0120777909719
2.760000000000002,-1.97135432089,-0.737883027169,18.1513320558,6.05363955987,0.122222098453,0.0,-2.25405082799,-1.50483212764,5.18610156206,-0.22889506939,0.00095752543843,0.0,445.4500486501039,446.51540248880167,443.4748512722527,446.1402333604086
2.820000000000002,-2.10910010537,-0.832668489952,18.4638454482,6.03978114975,0.122044518263,0.0,-2.3374620409,-1.65587755002,5.23025729823,-0.235483454319,-0.0122477951141,0.0,456.2257164773266,455.17000404475334,456.6704532988435,456.0928932435554
2.880000000000002,-2.25173600273,-0.936545906597,18.7780013492,6.02519599584,0.122028234249,0.0,-2.41705160754,-1.80790374122,5.2409807914,-0.266017493754,0.0166994602309,0.0,446.165302470677,448.5229084220286,447.7570105252,445.20519465670804
2.940000000000002,-2.39946692958,-1.05045528113,19.0951287481,6.00880253665,0.123096428038,0.0,-2.50737206367,-1.99049548304,5.32873529451,-0.294223379449,0.0199239928594,0.0,472.86616619481015,473.1144521354465,473.89152119646,471.64609105738396
3.000000000000002,-2.55204238829,-1.17431742153,19.4127115733,5.99092628573,0.124044041334,0.0,-2.57861630759,-2.13962004842,5.25698651576,-0.306626498813,0.00589238219243,0.0,424.0394204098308,422.8319883124088,423.6722352550387,422.5085818855044
3.0600000000000023,-2.7091105198,-1.30786230599,19.7273971522,5.97252684529,0.124720471434,0.0,-2.6570561217,-2.31335000881,5.23180715636,-0.306718932306,0.0203055567711,0.0,439.2573125634624,440.45108658698655,440.48003293369004,440.3755318866061
3.1200000000000023,-2.87099817967,-1.45235933516,20.0411337089,5.95381965693,0.125377587607,0.0,-2.73930073591,-2.50470214382,5.22514682769,-0.324534480057,-0.0244423168699,0.0,450.53848118317507,446.9051624181939,448.16232763366276,446.61229607652075
3.1800000000000024,-3.03735033567,-1.60741205599,20.3507181727,5.93424999853,0.124004352982,0.0,-2.80576864071,-2.66515705141,5.09412252118,-0.329619899074,-0.0199459253607,0.0,405.9295222276746,406.33281656109136,407.55355462530065,406.9788986086543
3.2400000000000024,-3.20754358518,-1.77197377296,20.6512791459,5.91466080202,0.123075452751,0.0,-2.86738912081,-2.82163276082,4.92451491117,-0.320873963507,-0.00778584021621,0.0,392.30363265250634,393.4314523212557,392.36772821330885,393.05439796625575
3.3000000000000025,-3.38260413283,-1.94960827127,20.9503691967,5.89581023389,0.122362946651,0.0,-2.96780866059,-3.10108925562,5.04319108466,-0.303366426844,-0.0216569266247,0.0,493.5130385996298,492.48808667978363,490.40416517999864,491.61210113912813
3.3600000000000025,-3.56304718542,-2.14243783175,21.2516198485,5.87764922259,0.120529031785,0.0,-3.04686102603,-3.32793012372,4.99753269884,-0.301354927105,-0.0618148362161,0.0,443.80363312229406,440.49380117332646,442.79171005942584,442.86348399444836
3.4200000000000026,-3.74855666025,-2.35033243689,21.5526590077,5.86037815522,0.116783079443,0.0,-3.13638840459,-3.60323054753,5.03557076887,-0.269403946526,-0.0636968869138,0.0,473.1824714292046,473.03498207603764,471.4437412857002,473.8263665018899
3.4800000000000026,-3.93938660187,-2.57510899053,21.8559068992,5.84437308562,0.112850487045,0.0,-3.22419337984,-3.8904920034,5.07113661232,-0.261923310945,-0.0695161562988,0.0,475.3801107101745,474.9310136785363,475.42236961104675,475.92862285290033
3.5400000000000027,-4.13522024518,-2.81667309172,22.1595345292,5.82871239985,0.109175505015,0.0,-3.30324962922,-4.16276548325,5.04853714848,-0.259251149894,-0.0484288817415,0.0,458.9571662673123,460.625474298405,459.0742706850151,459.2201227789036
3.6000000000000028,-4.33604426823,-3.07604944107,22.4640961491,5.81370673189,0.106048944653,0.0,-3.39051565208,-4.48410700848,5.10163926047,-0.236230344806,-0.0607277553557,0.0,488.0358624838245,487.1152772280081,486.6759452170751,488.3390422632033
3.660000000000003,-4.54205686136,-3.35503171866,22.7717306538,5.79954110404,0.102765131398,0.0,-3.47615696045,-4.8161594719,5.15093714776,-0.235822633515,-0.0448422344095,0.0,490.0459287300643,491.2238318772114,490.1240810566113,490.10450564055003
3.720000000000003,-4.75308676466,-3.65390550925,23.0815526119,5.78566512543,0.0996566950651,0.0,-3.55784083044,-5.14711095875,5.17460898664,-0.22344634042,-0.071775572555,0.0,488.0413020442796,486.0246919252837,485.0202011893391,485.9006258334481
3.780000000000003,-4.96856228721,-3.97096618327,23.3890741038,5.77213088775,0.0958919236533,0.0,-3.62440264362,-5.42250023664,5.07511968108,-0.230189493393,-0.0490126146341,0.0,446.2779633965191,448.12962318659834,449.0826186857295,448.4851115287624
3.840000000000003,-5.18825607637,-4.30614011957,23.6929081374,5.75839586786,0.0930373274116,0.0,-3.69843116238,-5.7507396693,5.05097694505,-0.226490805163,-0.0448498898819,0.0,476.5773308060793,476.8942814512548,476.97906045590815,477.2133605266843
3.900000000000003,-5.41213876346,-4.66009954966,23.9931216103,5.74447864641,0.0908841959029,0.0,-3.76415027511,-6.04875732599,4.95486649128,-0.246037590226,-0.0222257866156,0.0,455.28947344014784,457.09588312724566,456.054672776209,454.43747293437985
3.960000000000003,-5.64041023129,-5.03479403541,24.2917578042,5.7297698128,0.0906762497218,0.0,-3.84472876845,-6.44162967894,4.99705570343,-0.243426925632,0.0195271964653,0.0,505.0333969050492,508.03680665916045,506.05560593509,506.1914268493147
4.020000000000002,-5.8729575403,-5.430040197,24.5873566769,5.71574859754,0.0917861352169,0.0,-3.90694178922,-6.73407439495,4.85497372102,-0.219150566657,0.0163562392585,0.0,448.1347834175271,447.8768099990623,447.4259344565481,449.344084396647
4.080000000000001,-6.1092399307,-5.84290326531,24.8740322558,5.70292616859,0.0928086643488,0.0,-3.96922507537,-7.02879722566,4.69967905954,-0.204601834088,0.0183797777912,0.0,446.74064424136293,446.90558389710765,445.40779683887865,446.5513440848494
4.14,-6.34953339956,-6.27510826342,25.1534334134,5.69059114064,0.0944408920513,0.0,-4.04062716551,-7.37853377716,4.61183347292,-0.207620154651,0.0406987326445,0.0,472.8312011480341,474.5481897444613,474.9766229955613,474.7064408023548
4.199999999999998,-6.59388484334,-6.7269423283,25.4250336599,5.67818408373,0.0969942678136,0.0,-4.10459723423,-7.68329058169,4.44018965572,-0.205165608444,0.0460331751871,0.0,447.40835676734383,447.8435849552728,448.1154289700355,448.2733424897231
4.259999999999997,-6.84193736348,-7.19618468618,25.6846038755,5.66587393042,0.0999525323943,0.0,-4.16403238064,-7.95894925893,4.21119745249,-0.205176436983,0.0551518536447,0.0,427.7226694544787,428.50044551921746,429.69451749844364,429.6506703437986
4.319999999999996,-7.09359318193,-7.68208967778,25.9301755039,5.65405996406,0.103254981099,0.0,-4.22472752325,-8.23869355144,3.97352062756,-0.184078424934,0.0548178875299,0.0,429.16757088253064,429.1413609206295,426.12809119521916,427.8884040883121
4.379999999999995,-7.34892565859,-8.18486618306,26.1611809566,5.6426933433,0.107853290209,0.0,-4.28662952583,-8.52130452267,3.72564327679,-0.203200940171,0.101838406932,0.0,424.9693721231666,428.98660360284896,427.25269177057623,425.5814897119165
4.439999999999993,-7.60820945415,-8.70570373445,26.3783597068,5.63014939332,0.113974102982,0.0,-4.35653208152,-8.84053861932,3.51205788564,-0.22457855693,0.102361262111,0.0,443.4416070546449,443.49361250430616,444.97042826337486,443.17253707705555
4.499999999999992,-7.87204296724,-9.24730156401,26.5843231063,5.6167347694,0.120568143072,0.0,-4.4382887371,-9.21305721957,3.35106102907,-0.221649295344,0.121814553335,0.0,468.51732185807526,470.0376551005724,468.36042245516103,468.541515754195
4.559999999999991,-8.14034446022,-9.80870126905,26.7768449482,5.60335196089,0.127946156457,0.0,-4.50548917258,-9.50101979785,3.06497531397,-0.225993604892,0.125175191232,0.0,424.1082532892291,424.4113921034426,424.968005516824,424.54341196833496
4.6199999999999894,-8.41337936599,-10.3905441118,26.9556288796,5.58952153166,0.135671931671,0.0,-4.59608211078,-9.89391612616,2.89183073562,-0.241523794152,0.135109079741,0.0,473.7199890707387,474.49746882197627,475.6386817788486,474.39789764974756
4.679999999999988,-8.69201168028,-10.9963621651,27.1239170096,5.57475684028,0.14354978655,0.0,-4.69205655131,-10.3000881374,2.714834197,-0.257217375619,0.122320883091,0.0,480.503963836051,479.5474944783863,481.0767792040427,479.8305009817082
4.739999999999987,-8.97600635169,-11.6244638264,27.2785467798,5.55955492478,0.150840701904,0.0,-4.7747537766,-10.6370872234,2.4373073838,-0.246613408214,0.11985495738,0.0,447.39309468822,447.2054227765996,447.333565782784,448.1325505234675
4.799999999999986,-9.26532950716,-12.2741883159,27.4175590532,5.54483371452,0.158349775114,0.0,-4.86964211641,-11.0205475144,2.19369973899,-0.24295061085,0.134054023216,0.0,467.3890479404112,468.5080609289257,467.8020540333181,468.0303567627001
4.859999999999984,-9.56067279724,-12.9480643929,27.5426178081,5.53027625828,0.166289143774,0.0,-4.97541757571,-11.441843869,1.97169265261,-0.241980765184,0.128618055951,0.0,485.16977360120507,484.77578022873075,483.79174515975996,483.8111927503299
4.919999999999983,-9.86152929903,-13.6435963505,27.6498880412,5.51558980493,0.173720228395,0.0,-5.05341676886,-11.7431827388,1.60210329686,-0.25103105671,0.112038596102,0.0,431.5220585640821,430.13384101744344,429.8007836556427,428.9702433310138
4.979999999999982,-10.1678078022,-14.3600483878,27.7373910208,5.50016993671,0.179955270522,0.0,-5.15600598056,-12.1385449005,1.31161898024,-0.272875716795,0.0780872991272,0.0,472.6540118190488,470.03723254638805,471.85286110790133,470.0995621882903
5.0399999999999805,-10.4796323543,-15.0977955287,27.804419145,5.48387650895,0.184151085926,0.0,-5.23824648186,-12.4535558102,0.920437273501,-0.26904800347,0.0438718358552,0.0,436.9595051940091,434.0998665678217,434.80358001134834,435.0480430690725
