episod,total_reward
1,-6.20041315796
2,-6.27427390521
3,-6.2960325747
4,-6.38791707767
5,-16.0942806506
6,-10.027317277
7,-26.13851121
8,-27.5206966092
9,-19.2847781542
10,-25.4576714676
11,-5.73056773421
12,2.7338249562
13,-0.317099547961
14,2.16735900247
15,-1.31920998308
16,-1.80668051946
17,-4.0814193167
18,-15.326643549
19,-6.67699378784
20,-57.8557564249
21,-9.34776357331
22,-17.72848164
23,-18.0787383852
24,9.35548369883
25,-37.1114832902
26,-28.0697400344
27,-37.5894674779
28,-12.6954701122
29,-5.50404777104
30,1.55250983448
31,-15.1989984762
32,0.102721363236
33,-4.97310412472
34,-3.52285810484
35,0.874674055266
36,6.29828179818
37,1.88040945338
38,-3.6932313266
39,-9.11548443368
40,-9.71724823027
41,3.31086256077
42,3.53393118017
43,-5.71785461467
44,-32.7719601008
45,-188.466471353
46,-132.105953139
47,-5.86338471008
48,8.78329186177
49,-3.72991755263
50,-4.39708085314
51,1.86780512677
52,-2.44330878589
53,-1.6362813536
54,-20.4938432145
55,2.38126515168
56,-0.733654584996
57,4.32866742453
58,0.157366806408
59,-4.4364408173
60,2.82391392266
61,-1.50625224567
62,6.99541052291
63,1.4036566618
64,-6.67670659516
65,1.38512916063
66,-0.914812639451
67,-6.22947080111
68,0.085592160803
69,-4.65119847086
70,-1.57568952269
71,-8.11515272815
72,-13.0193231256
73,-10.4376133394
74,-13.3960826176
75,-2.24529361287
76,-13.1171060183
77,8.02325763127
78,0.57255478338
79,0.600597624034
80,4.97972645262
81,-2.63978313103
82,5.77658985924
83,2.82858624002
84,1.79830469904
85,2.05776193767
86,3.17601795586
87,0.186221684212
88,8.5774684336
89,-12.1491605005
90,-6.05638173457
91,0.39063311902
92,-4.10588452763
93,5.10688809538
94,-2.36107589513
95,9.1979267483
96,-0.855594620181
97,-10.7028676962
98,-0.207413159915
99,0.125854602892
100,-4.61212439276
101,-8.31117657966
102,-3.41357037613
103,4.10279463049
104,-0.0114304925392
105,-9.51537702301
106,-3.49867781496
107,-9.48071220799
108,-11.0431824906
109,-12.2941610449
110,-36.8096912009
111,-33.6231057454
112,-29.756953125
113,-41.5516396162
114,-31.6256835202
115,-23.6241274871
116,-22.410260716
117,-20.2112274063
118,-21.362902403
119,-21.3320047639
120,-21.6751000644
121,-21.9473287298
122,-20.1260650931
123,-25.8075448838
124,-24.2469917378
125,-11.0743534123
126,-161.081708178
127,-161.688159602
128,-92.3452951455
129,-3.43339224322
130,-3.79602229142
131,-3.52593985239
132,-3.95225500604
133,-3.58655967719
134,-4.14297110091
135,-3.57018797485
136,-3.9729846311
137,-3.59092865149
138,-3.55107159519
139,-3.87506917771
140,-3.98485933024
141,-3.91526703801
142,-3.82175347705
143,-3.77831105834
144,-10.387682781
145,-6.92933711461
146,-7.0028713944
147,-2.83784560583
148,-10.3156152958
149,-8.19553089442
150,-1.28473978711
151,-12.6401442464
152,-10.1628068679
153,-0.974244732127
154,-7.99244406162
155,-17.7880627453
156,-163.14718168
157,-170.683063405
158,-162.244499859
159,-162.930846137
160,-166.704164891
161,-160.735730755
162,-164.797377904
163,-169.00606364
164,-165.992410065
165,-163.43547467
166,-168.716438594
167,-82.2301117895
168,-165.201221555
169,-164.801369534
170,-161.147872076
171,-164.769413538
172,-55.416171449
173,-57.4900362481
174,-41.6062900027
175,-23.9529778862
176,-15.8763007828
177,-16.5398247166
178,-53.8639436016
179,-58.498058395
180,-55.0697470536
181,-170.531094882
182,-160.550738881
183,-169.584756399
184,-59.9281690292
185,-136.826590401
186,-168.663473278
187,-166.894393255
188,-168.827421854
189,-165.086145057
190,-166.967386751
191,-96.0435057603
192,-29.7160724219
193,-23.7542814195
194,-19.5436229906
195,-20.2997655711
196,-18.9269204924
197,-19.1034614217
198,-19.7790298457
199,-19.6489212496
200,-21.4325634168
201,-19.4643222295
202,-20.2770152474
203,-182.033656761
204,-89.6798809968
205,-152.047183389
206,-156.525682683
207,-162.992275305
208,-125.165449084
209,-167.695340337
210,-162.282785232
211,-165.804031762
212,-168.082362329
213,-165.389908745
214,-167.27992329
215,-168.153246517
216,-162.613881006
217,-168.394486198
218,-132.869691556
219,0.527642748825
220,-3.3220936453
221,-3.56495276049
222,-3.45311613521
223,-3.75807236674
224,-3.53770935278
225,-3.68749763118
226,-3.3127944091
227,-3.38209156036
228,-3.36529524254
229,-2.84857611082
230,-3.38620217531
231,-3.95856397385
232,-3.41100469328
233,-3.87561754323
234,-3.50470169811
235,-3.52458142003
236,-3.25588098935
237,-3.36802992995
238,-3.94147594833
239,-3.63713984956
240,-3.4449474924
241,-3.25200871902
242,-3.67654075658
243,-18.8816335156
244,-49.5305400508
245,-11.3481122475
246,-4.61326144979
247,-19.3570497491
248,-182.845463346
249,-172.446900114
250,-163.381070345
251,-163.370869288
252,-160.012017348
253,-160.031065661
254,-160.393715861
255,-167.846270037
256,-165.462026358
257,-160.353826371
258,-165.170008327
259,-168.927076736
260,-167.743296116
261,-166.029214335
262,-131.626028894
263,-136.470683785
264,-160.930022435
265,-167.84660722
266,-169.832212887
267,-167.18867788
268,-168.796057935
269,-164.939510217
270,-163.49258031
271,-165.274550713
272,-164.937377719
273,-163.599245388
274,-170.48154786
275,-164.341671221
276,-162.607119741
277,-172.962538914
278,-171.034145045
279,-160.916723105
280,-135.591377026
281,-96.1073280248
282,-168.320330715
283,-161.545632048
284,-162.263890395
285,-165.716041131
286,-161.977670617
287,-163.927143019
288,-168.036593677
289,-166.237922148
290,-166.381129059
291,-161.432074164
292,-164.15361754
293,-166.591587449
294,-162.134284938
295,-162.621059597
296,-165.212016015
297,-165.246708763
298,-167.5690981
299,-166.5109253
300,-165.450933268
301,-56.5956804878
302,-133.896277979
303,-163.635789979
304,-162.371963076
305,-161.91363685
306,-167.108339714
307,-165.431097483
308,-166.760660371
309,-88.3807293398
310,-169.132084291
311,-166.063823455
312,-164.146517701
313,-164.654667215
314,-165.949668012
315,-169.033829112
316,-167.320435805
317,-167.45407507
318,-162.085091328
319,-165.844953881
320,-163.576622363
321,-166.875107008
322,-169.70413548
323,-169.958347354
324,-162.040004125
325,-166.048678536
326,-164.344959827
327,-168.917820888
328,-166.826613541
329,-164.795814666
330,-165.23729938
331,-166.232953244
332,-66.214841713
333,-42.0414275891
334,3.69787346055
335,-0.89287319616
336,-161.86362384
337,-100.926390795
338,-166.07295172
339,-166.838249371
340,-157.647152141
341,-129.487391699
342,0.0808023792425
343,-25.9559009134
344,-37.5011678904
345,-165.958753491
346,-164.304065709
347,-163.754500655
348,-168.277658186
349,-168.1560601
350,-171.69549131
351,-167.215116843
352,-170.472299852
353,-165.875345101
354,-166.566832672
355,-162.029243009
356,-169.782282985
357,-168.784565188
358,-160.695595866
359,-163.975639154
360,-168.736660888
361,-165.314295371
362,-166.323413026
363,-166.06277119
364,-165.282124444
365,-165.491563486
366,-167.597537926
367,-167.722257856
368,-169.520654323
369,-165.047373218
370,-163.639539842
371,-167.676504505
372,-166.32286867
373,-164.002267764
374,-166.298558573
375,-166.22408561
376,-162.574226679
377,-159.811760874
378,-160.935701394
379,-161.627543594
380,-165.692360462
381,-167.770829335
382,-167.544304938
383,-169.469240892
384,-167.343480302
385,-169.188393173
386,-161.202305268
387,-164.992340125
388,-168.963797843
389,-168.904919807
390,-169.845261643
391,-165.474411669
392,-165.643856007
393,-166.847360237
394,-166.687982824
395,-167.605677293
396,-171.350686951
397,-169.000892487
398,-168.171699047
399,-162.189526989
400,-163.551640795
401,-165.010802883
402,-162.287040389
403,-168.322459251
404,-163.125341603
405,-166.37994985
406,-167.204551582
407,-169.357815919
408,-163.413568363
409,-165.543020411
410,-165.888944056
411,-165.43137905
412,-161.344862409
413,-165.27149927
414,-167.496405984
415,-163.245877608
416,-166.278659152
417,-169.025032175
418,-166.053587929
419,-164.285926964
420,-165.012383289
421,-165.995987962
422,-168.644511232
423,-168.850888123
424,-164.111227442
425,-166.564037538
426,-164.845435856
427,-166.675880855
428,-160.620763747
429,-164.700273342
430,-170.533508604
431,-163.985485091
432,-165.437707398
433,-168.09189101
434,-166.263262871
435,-161.968918395
436,-160.077969568
437,-171.233110295
438,-161.720294433
439,-166.809032108
440,-165.422144697
441,-166.629819853
442,-160.241881421
443,-165.65402781
444,-168.100920346
445,-165.842939225
446,-167.502869404
447,-164.340577606
448,-162.682314808
449,-164.97144728
450,-162.230753939
451,-164.779776091
452,-165.585706639
453,-160.323788392
454,-163.219030546
455,-163.076855331
456,-166.741277249
457,-164.83346365
458,-166.588332507
459,-162.990522703
460,-162.0276685
461,-161.886964733
462,-167.057196535
463,-169.053649163
464,-165.895761092
465,-162.73961459
466,-166.808791611
467,-169.319404061
468,-167.775548407
469,-162.969843627
470,-149.434844219
471,-114.005961845
472,-103.547908602
473,-135.503181437
474,-134.987100667
475,-167.260185243
476,-162.684643857
477,-168.380381941
478,-165.869336744
479,-165.85534818
480,-167.783455554
481,-163.827906284
482,-161.716664169
483,-166.001167519
484,-161.457582133
485,-166.639774039
486,-164.90429401
487,-165.730497174
488,-170.393667901
489,-168.44858202
490,-165.311393793
491,-167.497604999
492,-167.676835722
493,-166.720913026
494,-163.371579232
495,-166.540393683
496,-167.284685593
497,-164.05210737
498,-165.740145758
499,-164.998912511
500,-166.202521122
501,-164.607628166
502,-163.195144896
503,-166.479810539
504,-166.377463679
505,-160.717925303
506,-165.699491924
507,-168.899744336
508,-167.795468302
509,-164.004537313
510,-167.927438251
511,-162.52790239
512,-162.982363401
513,-167.206572295
514,-166.19072539
515,-161.004998446
516,-167.760992122
517,-164.062542573
518,-163.618887179
519,-159.433975674
520,-165.219476285
521,-168.616785848
522,-161.193195537
523,-160.711664206
524,-166.269405686
525,-165.064515952
526,-165.454179482
527,-165.425724425
528,-166.817874417
529,-164.338169521
530,-165.316717858
531,-164.434287964
532,-166.381537121
533,-166.387402594
534,-166.491902018
535,-160.597780629
536,-163.194626729
537,-163.818039701
538,-165.923789254
539,-165.697402877
540,-168.641138813
541,-162.694367202
542,-161.117653169
543,-165.766112043
544,-172.316052341
545,-165.08227761
546,-167.91755535
547,-164.183650562
548,-161.529786328
549,-170.069435417
550,-168.021962936
551,-167.599390088
552,-166.025329254
553,-169.006651304
554,-161.573113894
555,-168.308684356
556,-163.069432046
557,-164.293122788
558,-164.697613885
559,-168.811819044
560,-162.062691382
561,-164.619763926
562,-161.814660674
563,-163.401348496
564,-165.781235783
565,-163.674759663
566,-167.309180034
567,-169.626789498
568,-166.210820035
569,-163.945134855
570,-168.020234435
571,-164.486768836
572,-162.287686409
573,-168.024628328
574,-166.625539908
575,-168.867593649
576,-160.993424802
577,-163.252525394
578,-166.277125847
579,-162.786307011
580,-166.765259933
581,-162.486685803
582,-165.212636032
583,-164.743182979
584,-166.272291058
585,-163.489549192
586,-164.641016125
587,-165.062843159
588,-165.882170919
589,-164.224928583
590,-166.573450508
591,-166.130459594
592,-164.230653654
593,-161.645102808
594,-162.128162652
595,-166.450725499
596,-163.038823192
597,-166.360046961
598,-161.677561136
599,-164.51509681
600,-165.633480188
601,-167.200361697
602,-168.109550239
603,-168.610749841
604,-160.116487085
605,-170.418044793
606,-164.519084915
607,-164.527057293
608,-162.043739634
609,-170.239724368
610,-166.382235238
611,-163.136701771
612,-165.647434767
613,-165.843073533
614,-166.373492342
615,-168.079673581
616,-161.196702094
617,-165.434369215
618,-165.797340688
619,-163.515009527
620,-163.271173092
621,-167.331126976
622,-165.964837108
623,-160.487385048
624,-136.667287062
625,-162.069880632
626,-165.183115787
627,-48.3267978322
628,-18.6287041645
629,-19.2673894072
630,-31.4133892404
631,5.23591068014
632,-9.57902579351
633,-7.70967820624
634,-138.493064943
635,-0.743569507848
636,-9.11076084641
637,-49.4531139746
638,-22.4642908079
639,-18.85640693
640,-18.6378289177
641,-19.2773788322
642,-19.1797720895
643,-18.9758235111
644,-19.6111690185
645,-19.3698824303
646,-18.8001893002
647,-18.3293283342
648,-18.8782627391
649,-18.731817578
650,-19.191936332
651,-18.932140637
652,-18.2745085029
653,-18.3494983401
654,-18.7048102448
655,-18.7976658062
656,-21.4711398501
657,-31.2470589409
658,-19.5509206826
659,-18.6657171684
660,-19.3485402907
661,-18.3338088718
662,-19.2071131549
663,-19.345023737
664,-18.276086218
665,-17.8596124482
666,-17.9683337033
667,-18.3512051879
668,-17.4482171436
669,-18.1466010728
670,-19.3965655583
671,-19.3688185067
672,-19.0875727555
673,-19.9025340294
674,-19.1316561316
675,-19.3220280088
676,-19.16203289
677,-18.3632438948
678,-18.556653099
679,-17.8565965303
680,-18.714427373
681,-18.8077995735
682,-18.7443085274
683,-18.3009719558
684,-18.1707539016
685,-20.3246882201
686,-18.2461585725
687,-17.8972927533
688,-19.5496676133
689,-19.2418638751
690,-17.9826972921
691,-18.0810556255
692,-18.1171216308
693,-19.550571871
694,-18.5168141249
695,-17.7425852868
696,-19.2370857999
697,-18.9570886832
698,-17.7207672764
699,-18.0893606013
700,-19.2279317343
701,-18.1544011066
702,-18.6247331477
703,-18.0697239985
704,-18.9412543222
705,-18.6668967985
706,-18.7953626807
707,-19.4227242634
708,-19.0708825309
709,-17.6573941825
710,-18.7476656247
711,-20.0634225919
712,-17.8162776874
713,-19.0156817489
714,-19.4052255675
715,-19.200217666
716,-18.8918749309
717,-19.1506217126
718,-18.9871277954
719,-20.3876747078
720,-19.0233634089
721,-18.5216242507
722,-18.3229491248
723,-18.9677135555
724,-19.058249376
725,-18.4439097221
726,-18.2633770599
727,-18.4847631133
728,-18.206271773
729,-18.3279276126
730,-19.4983368328
731,-18.9861400746
732,-18.1446738348
733,-19.2945032963
734,-17.7631541526
735,-18.1790344305
736,-18.6327592479
737,-18.7012253739
738,-18.7195577096
739,-18.1922098292
740,-18.7017722284
741,-18.5999290894
742,-19.0882412668
743,-17.7774895293
744,-18.3922406543
745,-18.5482514096
746,-19.4430324125
747,-19.3205480174
748,-18.736678776
749,-18.7670777184
750,-18.9711507158
751,-18.4139391675
752,-19.4680989371
753,-18.3011988768
754,-19.4673918868
755,-18.2600099192
756,-17.6753567814
757,-18.7906519924
758,-18.6185505517
759,-19.9066325999
760,-18.4150420539
761,-18.9833585237
762,-19.1953578045
763,-18.6817323227
764,-18.6506481937
765,-18.9267507944
766,-18.4454122243
767,-19.5277002398
768,-17.7776996182
769,-18.8834068591
770,-19.4307494
771,-18.6856275165
772,-18.9717695955
773,-19.3494967007
774,-18.656733804
775,-19.6198498928
776,-19.3184520086
777,-18.689774722
778,-18.9545541519
779,-18.7859558832
780,-18.3892171118
781,-18.1302688946
782,-19.2720701615
783,-18.0526789393
784,-19.4159570207
785,-18.2150388082
786,-17.954106283
787,-18.4996878224
788,-17.5731612157
789,-18.8963723523
790,-18.4962300906
791,-19.4325068823
792,-19.2425585131
793,-18.3961557458
794,-19.4118952889
795,-18.8624260326
796,-18.8564279241
797,-20.0072250323
798,-18.0771869052
799,-19.9496879574
800,-18.8901279529
801,-19.1437359108
802,-24.1644146265
803,-21.2742611237
804,-18.3770359502
805,-18.9545833267
806,-19.6924556202
807,-18.6496194322
808,-19.2843171191
809,-18.7033294652
810,-18.480395017
811,-19.4278255656
812,-19.0153102765
813,-18.5989643139
814,-20.1259028289
815,-17.9920530891
816,-18.8822302841
817,-10.3852587927
818,-17.6499696937
819,-25.8877636095
820,-22.855349543
821,-7.39558243414
822,-13.0685747209
823,-9.30636085603
824,-20.2135802234
825,-13.7598427801
826,-16.6026079546
827,-15.3109141785
828,-33.2550733141
829,-58.3889543532
830,-56.0081477516
831,-75.0281107224
832,-29.3397764523
833,-21.0132861696
834,-16.8079100575
835,-6.61960076202
836,-9.08936343042
837,-7.99604319757
838,-17.6452237228
839,-21.9963420714
840,-25.4389058884
841,-10.9922895359
842,-14.6810883995
843,-9.3861926767
844,-11.3020589428
845,-19.3415661596
846,-7.47839115504
847,-7.14099221674
848,-6.67541695963
849,-6.94651327322
850,-6.66631258604
851,-4.05822929785
852,-12.6749405089
853,-6.92752924191
854,-6.77838777856
855,-6.88439349058
856,-6.82301343396
857,-4.12925295616
858,-12.0667795816
859,-7.22993282455
860,-7.18956791199
861,-10.6549670124
862,-12.7781773679
863,-14.4123288999
864,-13.5212396859
865,-7.72887619881
866,-15.0328876174
867,-8.18364914081
868,-21.6430324738
869,-13.9462229749
870,-35.0480965424
871,-21.834392576
872,-13.0632651117
873,-45.9424582166
874,-40.0658316221
875,-38.8126251959
876,-81.9093809441
877,-105.933256144
878,-52.5681762624
879,-108.129556241
880,-104.199791997
881,-93.7979050289
882,-134.257161662
883,-42.1825397969
884,-41.9510423785
885,-44.0100300106
886,-44.2252851043
887,-60.3775473982
888,-109.902668917
889,-41.6024309188
890,-32.9808974045
891,-100.327197363
892,-35.6413155021
893,-11.0249031912
894,-36.9251498833
895,-52.0205093916
896,-57.8298747679
897,-36.074041891
898,-39.2920013082
899,-98.6761668073
900,-88.4096596574
901,-165.087070387
902,-57.8489996626
903,-68.9656221011
904,-126.02515089
905,-105.464246548
906,-103.781214284
907,-48.4997694258
908,-41.1443395898
909,-26.4249580143
910,-38.1395891794
911,-39.1153868467
912,-67.5172251076
913,-65.8887860984
914,-24.3749325073
915,-51.0338555361
916,-25.4607968278
917,-46.0328885415
918,-27.2329381809
919,-35.9745113994
920,-68.1157404889
921,-21.259921802
922,-154.263848022
923,-83.8255865241
924,-57.0101991032
925,-61.0553692191
926,-163.31903295
927,-118.841880265
928,-82.0347197085
929,-84.7857094347
930,-94.9868083818
931,-97.8505827501
932,-142.436907208
933,-165.846889397
934,-165.69872151
935,-105.005499584
936,-161.498495533
937,-152.191608113
938,-167.432800129
939,-163.138311984
940,-150.596222393
941,-166.517136812
942,-165.944509031
943,-146.068737236
944,-164.639845445
945,-109.328181113
946,-163.975096493
947,-158.949990997
948,-159.855581473
949,-105.908324322
950,-102.43885856
951,-155.249367171
952,-166.063258204
953,-161.506611547
954,-116.05168296
955,-37.4279686355
956,-56.7659490923
957,-87.2764572532
958,-111.592347167
959,-135.923380127
960,-126.018325108
961,-159.833636061
962,-101.652494857
963,-168.467896507
964,-111.602018857
965,-165.665117346
966,-104.920062901
967,-162.513546526
968,-161.004718034
969,-159.794174885
970,-162.169388107
971,-112.424268414
972,-77.1427141081
973,-131.4568366
974,-131.506711077
975,-167.350503377
976,-164.825484065
977,-123.475992197
978,-108.643125212
979,-135.84157654
980,-156.943940703
981,-105.304458211
982,-62.967487648
983,-69.1700333266
984,-129.314873896
985,-54.7192918803
986,-136.624003495
987,-48.2689747802
988,-104.37640881
989,-124.331743518
990,-51.8215759374
991,-106.143850757
992,-163.542140302
993,-36.9064972834
994,-60.4127732102
995,-126.783460403
996,-121.270004954
997,-15.4121435826
998,4.40142469788
999,-27.1047278705
1000,-164.350177866
1001,-108.746784645
1002,-27.0261508801
1003,-34.0733159749
1004,-75.3976138584
1005,-37.2041073235
1006,-14.3322404913
1007,-101.058955018
1008,-119.941658637
1009,-9.52798046083
1010,-59.1110726294
1011,-87.3632690407
1012,-73.5199194982
1013,-60.5449665884
1014,-114.208597794
1015,-76.2956494792
1016,-170.224614705
1017,-74.3804213662
1018,-144.711746691
1019,-107.217275811
1020,-50.1437015026
1021,-18.3250677186
1022,-115.378881659
1023,-35.8258068933
1024,-85.8396602187
1025,-106.794549126
1026,-12.8562916719
1027,-11.5912047785
1028,-156.232912876
1029,-25.0818067284
1030,-19.5987730136
1031,-7.33852612759
1032,-22.9825639506
1033,-10.619688741
1034,-20.5803555917
1035,2.92250391681
1036,-10.9491039193
1037,-13.2869219493
1038,-100.408583326
1039,-98.2072087305
1040,-28.340455341
1041,-162.815914344
1042,-132.169916303
1043,-92.3356228139
1044,-140.028760755
1045,-59.5117073892
1046,-72.592720313
1047,-88.9199025812
1048,-16.7859265898
1049,-56.1649996227
1050,-13.6294712488
1051,1.71354011251
1052,2.32085558835
1053,-17.0065755804
1054,-37.8715546305
1055,3.62865418076
1056,-36.7072982677
1057,1.09699489332
1058,-1.77037995819
1059,4.57470415855
1060,-4.12321964552
1061,0.542315926103
1062,-21.5564767037
1063,-72.8810595634
1064,-46.3277282083
1065,-34.9666120213
1066,-30.9006373017
1067,-34.9045543669
1068,-16.6297969645
1069,-32.6500290415
1070,-95.9861217611
1071,-24.3141948575
1072,-22.195383087
1073,-20.9185494044
1074,-34.5655400743
1075,-6.04979313041
1076,-7.43695041791
1077,-17.3350217342
1078,4.83543100536
1079,-3.26845229144
1080,-14.8208009036
1081,-6.36318825888
1082,-10.7823084753
1083,-12.9265680702
1084,-4.64509066617
1085,-84.9996404237
1086,-4.26401196141
1087,-104.763250629
1088,6.99919422981
1089,-6.08837369488
1090,-154.226102083
1091,16.5436368489
1092,-4.17866634018
1093,-2.68579485352
1094,-34.3386633721
1095,-155.750775721
1096,-28.5504248972
1097,-23.1695599668
1098,-168.387365305
1099,-14.3556751372
1100,-106.208568538
1101,-2.24853435144
1102,-7.69941754086
1103,-19.3627791481
1104,-54.8135701744
1105,-37.6344567068
1106,-21.8931677479
1107,-57.1023401438
1108,-9.06066525841
1109,-156.054730885
1110,-4.652738337
1111,-155.342675312
1112,-21.3656197916
1113,-20.6501013612
1114,-10.6909674777
1115,-11.5042820174
1116,-13.8020649172
1117,-139.688847737
1118,-160.179281186
1119,-166.561179327
1120,-50.6560622834
1121,-110.704453928
1122,16.553499008
1123,9.11240546385
1124,-7.80063179073
1125,-1.96318528319
1126,-6.46943742346
1127,-6.25264920131
1128,-0.254734164994
1129,-2.59424820675
1130,-4.44032904307
1131,-36.1902020211
1132,-160.582115316
1133,-46.3501752246
1134,-68.1311974512
1135,-167.730258422
1136,-1.19362766832
1137,-6.70670237012
1138,-10.5990634889
1139,1.39061833166
1140,-3.39023693393
1141,-3.73089182573
1142,-0.562092951868
1143,-3.39178594874
1144,-3.55373961601
1145,-3.11721202379
1146,-3.2367729565
1147,-3.11368406356
1148,-3.42941173076
1149,-3.41806755574
1150,-3.38055897487
1151,-3.32174542379
1152,-3.06052768708
1153,-3.49019113179
1154,-3.54250597621
1155,-7.08652253974
1156,-16.0758399743
1157,-12.4130532249
1158,-161.083214889
1159,-166.24992385
1160,-165.543583125
1161,-4.28460506793
1162,-3.09206612336
1163,-3.43712878658
1164,-3.63644201636
1165,-1.30424306129
1166,-23.1035396163
1167,-43.9439615058
1168,-5.3612293628
1169,-12.5810089145
1170,-0.644275046175
1171,-6.56625606095
1172,-8.00934028072
1173,-7.2987136907
1174,2.45174463049
1175,-6.33240722663
1176,-19.4932893124
1177,-2.7200223455
1178,-4.150581062
1179,-0.732167095536
1180,-6.17399709921
1181,-2.81198982873
1182,-9.78365518326
1183,-3.31077354299
1184,-3.1403228388
1185,-4.01523459424
1186,-3.38036017329
1187,-3.90764328812
1188,-2.88068804894
1189,-3.81684380725
1190,-3.40502112604
1191,-3.24773565765
1192,-3.51124537248
1193,-0.0694017792199
1194,-1.22499395991
1195,-9.6395407834
1196,-13.2585973704
1197,-14.0990649164
1198,-104.354182081
1199,-165.330740698
1200,-165.810738632
1201,-167.717609474
1202,-142.427152742
1203,-166.789687937
1204,-168.145265385
1205,-166.946576106
1206,-166.147890131
1207,-165.703167645
1208,-164.485405757
1209,-168.028951588
1210,-167.648055097
1211,-168.506509072
1212,-164.572073116
1213,-160.109886179
1214,-166.779456103
1215,-162.558635758
1216,-166.251686864
1217,-163.464775283
1218,-167.157337666
1219,-145.444685188
1220,-162.411917081
1221,-161.813984021
1222,-48.1490393506
1223,-212.798383115
1224,-212.834865393
1225,-158.85940853
1226,-212.843806038
1227,-212.849165537
1228,-212.823150799
1229,-161.803951701
1230,-212.817545703
1231,-212.917941913
1232,-188.85562452
1233,-188.974508078
1234,-216.614356375
1235,-212.840713522
1236,3.266118368
1237,-212.9198051
1238,-212.826934893
1239,-212.873919236
1240,-11.8781850589
1241,0.447294131191
1242,-43.7325390668
1243,-36.365961248
1244,-51.3227579292
1245,-44.4823651909
1246,-47.0016572138
1247,-48.5845170407
1248,-81.3310775846
1249,-84.9435429448
1250,-69.9409733523
1251,-180.163428199
1252,-107.914357055
1253,-6.29932210762
1254,-3.71851764134
1255,-11.0327130379
1256,-21.6953133023
1257,-11.1601814481
1258,-26.3352846991
1259,-15.7955480588
1260,-7.73402166005
1261,0.877068151671
1262,-35.0651162015
1263,-4.72069589315
1264,-9.33893960983
1265,2.3407546243
1266,15.9237126205
1267,-26.1069287109
1268,-30.5038852935
1269,-15.1085761768
1270,12.4924579562
1271,12.5934356233
1272,-1.34241438109
1273,1.34331653525
1274,0.846842904866
1275,1.55431348312
1276,-0.273507969316
1277,1.32951189532
1278,0.954055189857
1279,-0.325166172335
1280,1.14414174223
1281,1.05129280566
1282,1.77011082205
1283,1.27823778953
1284,1.0067791646
1285,0.79997438038
1286,1.23986253872
1287,0.650681854089
1288,0.944779291915
1289,3.62505528801
1290,1.21568865577
1291,1.44604638408
1292,-0.26405350304
1293,1.01094075444
1294,-0.0774472603943
1295,1.4233869878
1296,-1.10973804507
1297,1.97242070168
1298,1.4551750826
1299,1.35682742233
1300,-1.10691001732
1301,1.984431569
1302,-1.77562946545
1303,0.655425760747
1304,1.06474370576
1305,1.57334596502
1306,-0.872372037127
1307,1.00640802652
1308,-1.45746542349
1309,-0.743433658824
1310,0.400729744053
1311,-0.779806440795
1312,1.86564258339
1313,-0.818592805784
1314,-0.68782221952
1315,1.72527537722
1316,0.810261976559
1317,0.881850409272
1318,-0.979980421433
1319,-0.164200059032
1320,0.456783661708
1321,1.16237166132
1322,1.00715410008
1323,0.805128797948
1324,1.56012315375
1325,1.33275167934
1326,0.732437759616
1327,0.830567189735
1328,0.0360774115793
1329,-1.04536634955
1330,-0.350025655911
1331,1.10295506699
1332,1.34677437482
1333,0.280390080538
1334,0.975014737497
1335,0.272073721048
1336,-1.45708585594
1337,0.652676749462
1338,1.32789392352
1339,-0.0723378913798
1340,1.32545284172
1341,0.901309188783
1342,0.254166718094
1343,-1.02985824477
1344,-0.800235207763
1345,0.489050924159
1346,0.65352998325
1347,0.717850418574
1348,1.72347684264
1349,0.958636745837
1350,1.55770400561
1351,-0.962236550341
1352,-0.401750669768
1353,2.01611150264
1354,0.821872273312
1355,0.142983016795
1356,0.999499646377
1357,0.247574756738
1358,2.37845358058
1359,0.852914464059
1360,0.932229069446
1361,-1.8944328273
1362,0.291881547773
1363,0.968636532861
1364,0.782960438976
1365,1.66014598805
1366,-1.14413136421
1367,1.04416576498
1368,1.85720862808
1369,0.491075685382
1370,0.156037644731
1371,0.939409863578
1372,-1.27095263009
1373,-1.41718676774
1374,1.6096421551
1375,0.835276927802
1376,-0.400722425587
1377,1.29662565753
1378,-1.26860362644
1379,0.767238835348
1380,1.26261798707
1381,-1.17173762546
1382,0.763185383156
1383,0.438598221513
1384,0.893401268064
1385,0.061747267308
1386,-1.04010549718
1387,0.746003822556
1388,0.665626082622
1389,0.389475522815
1390,-1.46319988796
1391,1.74701763698
1392,-1.36869326369
1393,0.710126902926
1394,0.35586188609
1395,1.2890852098
1396,1.33706985085
1397,-1.26546136155
1398,0.862471967823
1399,0.897644800085
1400,-0.470880537799
1401,1.2688146624
1402,0.480872043975
1403,0.666042472462
1404,1.66625457988
1405,1.43270964036
1406,0.138433791904
1407,0.83738334126
1408,0.188531706865
1409,0.578680988998
1410,0.228091733971
1411,0.635242683912
1412,0.529378794993
1413,3.01926255925
1414,0.944716512377
1415,0.840343470941
1416,1.18810726191
1417,0.741290882463
1418,1.00725631864
1419,1.84136222357
1420,-0.10724527441
1421,1.03566506824
1422,0.914968758643
1423,1.30807069968
1424,0.557950129129
1425,0.626604228135
1426,0.449217683625
1427,-1.43213786069
1428,0.466760147461
1429,-1.2961195335
1430,0.438777855951
1431,0.829243995766
1432,-1.58418681644
1433,0.807643985522
1434,1.45359000464
1435,-1.63277939161
1436,-0.908890924665
1437,1.68163031614
1438,0.576672887987
1439,0.475257305357
1440,-2.54955633549
1441,-0.0539610689167
1442,1.07913150621
1443,-0.0193994961108
1444,0.362702161269
1445,-0.607788739549
1446,0.910966740688
1447,3.71880545822
1448,-0.390306890298
1449,1.04311656577
1450,-0.749791215595
1451,-0.303848124038
1452,-0.138686940739
1453,1.43654286353
1454,1.51003984655
1455,1.79126728566
1456,-0.243298365617
1457,0.298449572523
1458,0.943243694139
1459,-0.918901260063
1460,1.16810765352
1461,1.03951693327
1462,-0.0739381260432
1463,0.219009845895
1464,2.16623711224
1465,1.37297351872
1466,-0.102977778432
1467,0.788386279836
1468,-0.790934010416
1469,0.143147970162
1470,1.09940812054
1471,0.516478705203
1472,0.968972042043
1473,-0.188752630115
1474,1.39357483228
1475,0.622527694035
1476,0.98978371602
1477,-0.187252282419
1478,-1.25792057856
1479,-0.244563382319
1480,0.733852537366
1481,1.6394606089
1482,0.479028795208
1483,-0.351491321226
1484,1.72378190316
1485,0.983024650064
1486,-0.182022358338
1487,-0.293126275194
1488,0.508014079573
1489,-0.85087204051
1490,1.15522117692
1491,0.587559830698
1492,-0.277275228618
1493,1.11030527569
1494,1.38111317832
1495,-0.518569795253
1496,0.4335076547
1497,-1.32706199977
1498,0.559567566379
1499,0.881847999563
1500,0.266438889431
1501,2.03279567154
1502,1.11244840545
1503,-0.527588190374
1504,0.959610493141
1505,1.5898051566
1506,-1.06748548004
1507,1.5478261289
1508,1.08103963868
1509,0.421431972685
1510,-1.95297411013
1511,-1.20150403293
1512,-0.668424299756
1513,-0.15481074838
1514,1.07330038466
1515,0.795003097634
1516,0.873852565278
1517,1.1843040086
1518,0.512356908447
1519,1.43397684857
1520,0.618196751192
1521,-0.487203125048
1522,1.41724218458
1523,0.963820644929
1524,0.621343936814
1525,1.61597322725
1526,-1.69933505746
1527,-1.97036111767
1528,-1.92744856607
1529,1.70819995184
1530,1.02612916134
1531,1.6419259726
1532,-0.555339413543
1533,-0.906217011587
1534,-1.12871641779
1535,-0.418476760478
1536,1.10402614554
1537,0.468793702425
1538,1.05788463383
1539,0.537603357923
1540,-0.00945914077219
1541,0.0559056005643
1542,-0.654600290875
1543,-1.89993220776
1544,1.05932412313
1545,-0.427390144657
1546,-0.821040136531
1547,0.0115834833646
1548,0.423622996775
1549,-3.18565936596
1550,0.0237653815429
1551,1.26854271356
1552,0.476041445534
1553,0.52125615582
1554,-0.895643869847
1555,-0.891407776794
1556,0.661709263887
1557,1.1974079868
1558,1.34346713653
1559,0.0836897427277
1560,1.7549472458
1561,1.11603226043
1562,0.548718695284
1563,-2.48656840613
1564,-4.14866521474e-05
1565,0.254564567463
1566,-0.753783398254
1567,1.61223565895
1568,0.456576995513
1569,0.394869594971
1570,-0.000428058698674
1571,1.08443149277
1572,-0.26369567962
1573,-1.72266197998
1574,1.2090785963
1575,1.65346364596
1576,-2.28230022133
1577,1.46808153119
1578,-1.42378679952
1579,-0.364135032471
1580,1.08574095712
1581,-0.81645987036
1582,-0.903910232089
1583,-0.252210333836
1584,-0.54239974785
1585,1.0911352408
1586,-0.116623349136
1587,-0.443005456875
1588,0.137666585187
1589,-1.70267975666
1590,0.122214272237
1591,-0.206858289893
1592,0.97811578597
1593,0.816308456988
1594,0.371001851048
1595,-1.1465896025
1596,-0.062982195932
1597,1.23805297457
1598,0.710779018163
1599,-0.406959135858
1600,0.970079849208
1601,0.188177369942
1602,1.63172729358
1603,1.66318896808
1604,0.833600377708
1605,-0.0848369604584
1606,1.01458138744
1607,0.532805311832
1608,1.12804371054
1609,0.45721625365
1610,1.08693354769
1611,-1.43113242985
1612,0.255899954075
1613,0.497666323894
1614,-0.693602124986
1615,0.0388641990304
1616,-0.731223648792
1617,0.602196349302
1618,-1.00452338795
1619,1.08214550911
1620,1.00866332736
1621,0.438668641094
1622,-0.315793906881
1623,0.959793249768
1624,0.318404283813
1625,0.508015740772
1626,0.894436784045
1627,0.61749874675
1628,-1.29258273449
1629,0.473629017703
1630,-0.517483011178
1631,0.228719282391
1632,1.02610052675
1633,1.29143312535
1634,-0.515968114587
1635,0.659070654984
1636,1.54675229461
1637,-1.51717405508
1638,0.880706129654
1639,-1.73145665512
1640,-0.733907752303
1641,-1.52179320145
1642,0.488853923748
1643,-1.80778717907
1644,-1.02291460858
1645,1.06333621812
1646,-2.10747585881
1647,-1.00414866522
1648,-0.169350429021
1649,-1.44231077686
1650,3.78003974654
1651,1.48189517579
1652,-1.89359850359
1653,1.23553169823
1654,-0.337071982548
1655,1.02301110649
1656,0.536536839572
1657,1.06860537013
1658,1.2248846366
1659,0.0110964444387
1660,-1.59789706031
1661,-0.249000021963
1662,-1.16608394762
1663,-1.69189244639
1664,-0.332066927777
1665,-0.0755908636518
1666,1.59639698424
1667,-0.563330358021
1668,-1.51823455929
1669,-3.04808168401
1670,1.28932393628
1671,0.0391863203952
1672,-0.775175114138
1673,1.06934746804
1674,-0.144566590242
1675,0.469311382278
1676,-1.22386717158
1677,0.122173784789
1678,-0.395826456642
1679,2.10905919589
1680,-1.99240517019
1681,1.22652770272
1682,-1.18349384416
1683,1.28968517198
1684,0.228873196974
1685,1.71679147031
1686,0.526281390966
1687,-0.532014750707
1688,-0.607527796694
1689,1.52556110857
1690,-1.21933278806
1691,1.76032718605
1692,1.06555717008
1693,0.879628944887
1694,-0.54680191563
1695,1.06678296811
1696,0.803591946429
1697,1.06659866836
1698,0.399626977078
1699,-0.712212767742
1700,0.348966645827
1701,1.3406540791
1702,1.26536872835
1703,1.48938426244
1704,1.66040394648
1705,1.53538820374
1706,0.797559808195
1707,-0.684325957064
1708,-1.90191729529
1709,-0.517795543225
1710,1.09625804567
1711,1.87655241505
1712,0.860374111299
1713,0.355942335112
1714,-0.368402529859
1715,1.09617360746
1716,-1.84082409033
1717,2.12553989945
1718,-0.320351376298
1719,0.439548651912
1720,-0.292758293672
1721,1.03394076653
1722,0.761760661297
1723,-0.196004042582
1724,1.35368449619
1725,1.34653599263
1726,0.910747726825
1727,0.692829861176
1728,1.01954717378
1729,1.27441995768
1730,0.804742637003
1731,0.356814544992
1732,1.40183264519
1733,0.661261285015
1734,-0.841565694959
1735,0.434328110709
1736,1.36124329265
1737,0.536055326352
1738,0.746688807295
1739,-1.80749269552
1740,-1.53073742917
1741,0.908393779197
1742,-1.7672986002
1743,0.258189706328
1744,-0.382489461475
1745,1.14379511042
1746,0.906665650365
1747,0.417835918288
1748,-0.0616387459637
1749,-1.28035632185
1750,1.30690595409
1751,-2.17508830378
1752,0.962411596844
1753,2.04229981564
1754,0.219108080373
1755,-1.05282157621
1756,0.18273839364
1757,0.591866297659
1758,1.54927518654
1759,0.487726764624
1760,-0.156127704949
1761,-0.828918758101
1762,1.05758600367
1763,-0.0402653883853
1764,0.957762093206
1765,0.762274568668
1766,0.419345356781
1767,0.367082341746
1768,0.382353785534
1769,1.40833072274
1770,-0.0288964257549
1771,-0.2117976581
1772,3.66594030131
1773,0.643081368588
1774,-0.735032643218
1775,1.79492726238
1776,-2.10195523312
1777,0.716288447234
1778,1.53430864197
1779,0.445428233186
1780,0.919789625575
1781,0.96619970997
1782,0.0857642846055
1783,0.628715083678
1784,-1.40568060369
1785,0.0123249257516
1786,-0.308250783095
1787,-1.03537540457
1788,1.2578778794
1789,0.00751599549633
1790,-2.0969495237
1791,0.143124974385
1792,1.43974773874
1793,1.3596454967
1794,-1.1409991432
1795,0.966422519745
1796,-0.596007699017
1797,1.45964116429
1798,1.2650993414
1799,1.28574024224
1800,-3.09502089687
1801,0.853923666624
1802,0.34527617591
1803,1.49935498319
1804,-0.135167538451
1805,1.1678820588
1806,-0.706145747554
1807,0.541480100399
1808,-0.0045159730867
1809,0.00781245982432
1810,-1.56430829437
1811,0.55052300868
1812,0.749045653046
1813,3.34932585642
1814,1.95693691356
1815,1.02820143506
1816,0.139413555002
1817,1.14755318332
1818,-1.22141972378
1819,1.31660996827
1820,0.678623676869
1821,-1.01701792578
1822,-0.569778384179
1823,0.288871449812
1824,0.391446052824
1825,1.87576730458
1826,-0.214988121119
1827,-1.09089577595
1828,1.74876833722
1829,0.496096168452
1830,-1.11221384587
1831,2.48952737937
1832,0.410581339267
1833,-0.30901584963
1834,1.75507774333
1835,0.686034468279
1836,0.31422332396
1837,-1.04671969124
1838,1.22520383972
1839,0.320245028227
1840,-1.03569894259
1841,-0.918535240768
1842,0.459557228552
1843,1.04436771174
1844,-0.436207618763
1845,3.29613971124
1846,1.48771042749
1847,0.953762430485
1848,0.358329542426
1849,-0.0272636833118
1850,1.68219143313
1851,0.414874261717
1852,0.674261086273
1853,-0.513369253086
1854,1.6765776288
1855,-0.794865993352
1856,0.110351248001
1857,0.858413352841
1858,-0.0529932353552
1859,1.60105265961
1860,-0.395707960063
1861,1.69492367392
1862,-0.269896065244
1863,-0.554593493544
1864,0.644246551027
1865,1.35199271555
1866,0.603934538486
1867,-0.550781801451
1868,-2.14503639058
1869,0.391051918993
1870,-2.11621304989
1871,1.91248514144
1872,-2.65357010933
1873,-1.4100682691
1874,-2.01475503679
1875,1.60670792683
1876,1.48817626331
1877,-2.06005937058
1878,0.135953205366
1879,-0.719776364877
1880,1.06686084388
1881,-1.33188926974
1882,1.37971173554
1883,1.17634307251
1884,0.245297364169
1885,-0.576406768877
1886,0.248984947996
1887,0.439379230106
1888,0.567663682858
1889,-1.63157471786
1890,-2.38716787327
1891,1.43362502237
1892,0.88926401638
1893,-0.384957239708
1894,-0.826265237547
1895,0.665665939211
1896,1.49555023444
1897,-1.94830162668
1898,1.06985696455
1899,1.43443223031
1900,0.353628570166
1901,1.55890783404
1902,0.156449106253
1903,1.67791220724
1904,-1.54742592174
1905,-1.45220282265
1906,-0.718740168465
1907,0.475890514226
1908,0.909221395565
1909,-0.824683931917
1910,2.34109466232
1911,-1.24480706763
1912,1.27647351296
1913,-1.45271943465
1914,1.0668637351
1915,0.388022738742
1916,0.989703228215
1917,1.15312612223
1918,1.73736856978
1919,0.283999347432
1920,-0.153111260576
1921,0.0195853745565
1922,0.507412203672
1923,0.764971975509
1924,1.78693307723
1925,0.903957655925
1926,-0.639722602158
1927,-0.534342936367
1928,1.20351058706
1929,0.818130662205
1930,1.60881834084
1931,-2.43612745105
1932,2.29376413618
1933,-1.73888832416
1934,1.38151074399
1935,0.321693599707
1936,1.91862293606
1937,0.0965969545589
1938,0.230724222171
1939,0.724424936006
1940,0.864743782374
1941,-1.28172348833
1942,-0.153983156131
1943,-2.37357328754
1944,0.885748288045
1945,-0.276606619373
1946,-1.83483816794
1947,-0.596024674859
1948,-0.0387810174531
1949,-0.385795751518
1950,1.90572060959
1951,-1.05585830993
1952,0.392883986792
1953,-0.665419878418
1954,0.791726240604
1955,-0.428211977471
1956,1.19756617641
1957,-0.289241780077
1958,1.64585101867
1959,-0.952041231656
1960,0.205884078661
1961,-0.397103156268
1962,-1.27595320067
1963,-0.821820946945
1964,0.912594110803
1965,-1.05687739734
1966,1.24735875033
1967,-0.519651802872
1968,1.35794908154
1969,1.92401405168
1970,1.11162064176
1971,1.60063729787
1972,0.736309171555
1973,-1.06038447567
1974,1.01379550106
1975,-0.279083849745
1976,0.115654415534
1977,0.30100860175
1978,-2.35348810896
1979,0.46791038004
1980,-1.29928109372
1981,0.393725698818
1982,1.02190053872
1983,-1.49628623082
1984,-0.0945885135821
1985,1.94576409377
1986,1.3821515043
1987,1.20332554306
1988,-1.40986849289
1989,-0.103749239841
1990,1.19815551598
1991,1.59130017844
1992,-0.208618957327
1993,-0.946397550487
1994,-0.0229827535008
1995,-0.29348200132
1996,-0.139943604352
1997,0.573434691591
1998,-0.627922794152
1999,0.663558167756
2000,-0.340764046999
